THE AṢṬAKA METHOD

+---------+----------+--------+----------+
|  Aṣṭaka | Adhyāyas | Vargas |  Mantras |
+---------+----------+--------+----------+
|    1    |    8     |   265  |   1370   |
|         |          |        |          |
|    2    |    8     |   221  |   1147   |
|         |          |        |          |
|    3    |    8     |   225  |   1209   |
|         |          |        |          |
|    4    |    8     |   250  |   1289   |
|         |          |        |          |
|    5    |    8     |   238  |   1263   |
|         |          |        |          |
|    6    |    8     |   331  |   1730   |
|         |          |        |          |
|    7    |    8     |   248  |   1263   |
|         |          |        |          |
|    8    |    8     |   246  |   1281   |
+---------+----------+--------+----------+
|    8    |   64     |  2024  |  10,552  |
+---------+----------+--------+----------+
THE MAṆḌALA METHOD

+---------+----------+--------+---------+
| Maṇḍala | Anuvākas | Sūktas | Mantras |
+---------+----------+--------+---------+
|         |          |        |         |
|    1    |   24     |  191   |   2006  |
|         |          |        |         |
|    2    |    4     |   43   |    429  |
|         |          |        |         |
|    3    |    5     |   62   |    617  |
|         |          |        |         |
|    4    |    5     |   58   |    589  |
|         |          |        |         |
|    5    |    6     |   87   |    727  |
|         |          |        |         |
|    6    |    6     |   78   |    765  |
|         |          |        |         |
|    7    |    6     |  104   |    841  |
|         |          |        |         |
|    8    |   10     |  103   |   1716  |
|         |          |        |         |
|    9    |    7     |  114   |   1108  |
|         |          |        |         |
|   10    |   12     |  191   |   1754  |
+---------+----------+--------+---------+
|   10    |   85     |  1028  | 10,552  |
+---------+----------+--------+---------+

https://hinduism.stackexchange.com/questions/33634/what-are-eight-asthakas-of-rigveda